[[0.28867513 0.14433757 0.4330127  0.14433757 0.14433757 0.14433757
  0.14433757 0.14433757 0.14433757 0.14433757 0.14433757 0.14433757
  0.14433757 0.14433757 0.28867513 0.14433757 0.14433757 0.14433757
  0.14433757 0.14433757 0.28867513 0.14433757 0.14433757 0.14433757
  0.14433757 0.14433757 0.14433757 0.14433757 0.14433757 0.14433757
  0.14433757]]
None
[[0.16012815 0.16012815 0.16012815 0.16012815 0.16012815 0.16012815
  0.16012815 0.16012815 0.16012815 0.16012815 0.16012815 0.16012815
  0.16012815 0.16012815 0.16012815 0.16012815 0.16012815 0.16012815
  0.16012815 0.16012815 0.16012815 0.16012815 0.32025631 0.16012815
  0.32025631 0.16012815 0.16012815 0.16012815 0.16012815 0.16012815
  0.16012815 0.16012815 0.16012815]]
None
[[0.11867817 0.23735633 0.11867817 0.23735633 0.11867817 0.11867817
  0.11867817 0.11867817 0.11867817 0.23735633 0.11867817 0.11867817
  0.11867817 0.23735633 0.11867817 0.11867817 0.11867817 0.11867817
  0.11867817 0.23735633 0.11867817 0.11867817 0.11867817 0.11867817
  0.47471266 0.11867817 0.23735633 0.11867817 0.23735633 0.11867817
  0.11867817 0.11867817 0.11867817 0.11867817 0.11867817]]
None
[[0.12803688 0.12803688 0.12803688 0.12803688 0.12803688 0.12803688
  0.12803688 0.12803688 0.12803688 0.12803688 0.12803688 0.25607376
  0.12803688 0.12803688 0.25607376 0.12803688 0.12803688 0.25607376
  0.12803688 0.25607376 0.38411064 0.12803688 0.12803688 0.12803688
  0.12803688 0.12803688 0.12803688 0.38411064 0.12803688 0.12803688
  0.12803688 0.12803688 0.12803688]]
None
[[0.25197632 0.12598816 0.12598816 0.12598816 0.12598816 0.12598816
  0.12598816 0.12598816 0.12598816 0.25197632 0.25197632 0.12598816
  0.12598816 0.12598816 0.12598816 0.25197632 0.12598816 0.12598816
  0.12598816 0.37796447 0.12598816 0.12598816 0.12598816 0.25197632
  0.12598816 0.25197632 0.12598816 0.12598816 0.25197632 0.12598816
  0.25197632]]
None
[[0.16439899 0.16439899 0.16439899 0.16439899 0.16439899 0.16439899
  0.16439899 0.16439899 0.16439899 0.16439899 0.16439899 0.16439899
  0.16439899 0.16439899 0.16439899 0.16439899 0.16439899 0.16439899
  0.16439899 0.16439899 0.16439899 0.16439899 0.16439899 0.32879797
  0.16439899 0.16439899 0.16439899 0.16439899 0.16439899 0.16439899
  0.16439899 0.16439899 0.16439899 0.16439899]]
None
[[0.16439899 0.16439899 0.16439899 0.16439899 0.16439899 0.16439899
  0.16439899 0.16439899 0.16439899 0.16439899 0.16439899 0.32879797
  0.16439899 0.16439899 0.16439899 0.16439899 0.16439899 0.16439899
  0.16439899 0.16439899 0.16439899 0.16439899 0.16439899 0.16439899
  0.16439899 0.16439899 0.16439899 0.16439899 0.16439899 0.16439899
  0.16439899 0.16439899 0.16439899 0.16439899]]
None
[[0.16222142 0.16222142 0.16222142 0.16222142 0.16222142 0.16222142
  0.16222142 0.16222142 0.16222142 0.16222142 0.32444284 0.16222142
  0.16222142 0.32444284 0.16222142 0.16222142 0.16222142 0.16222142
  0.16222142 0.16222142 0.16222142 0.16222142 0.16222142 0.16222142
  0.16222142 0.16222142 0.16222142 0.16222142 0.16222142 0.16222142
  0.16222142 0.16222142]]
None
[[0.14142136 0.28284271 0.14142136 0.28284271 0.28284271 0.28284271
  0.14142136 0.14142136 0.14142136 0.14142136 0.14142136 0.14142136
  0.28284271 0.28284271 0.14142136 0.14142136 0.14142136 0.14142136
  0.14142136 0.14142136 0.14142136 0.14142136 0.14142136 0.14142136
  0.14142136 0.14142136 0.14142136 0.14142136 0.14142136 0.14142136
  0.14142136 0.14142136]]
None
[[0.13018891 0.13018891 0.52075564 0.26037782 0.13018891 0.13018891
  0.13018891 0.13018891 0.13018891 0.13018891 0.13018891 0.13018891
  0.26037782 0.26037782 0.13018891 0.13018891 0.13018891 0.13018891
  0.13018891 0.13018891 0.13018891 0.13018891 0.26037782 0.13018891
  0.13018891 0.13018891 0.13018891 0.13018891 0.13018891 0.13018891
  0.13018891 0.13018891]]
None
[[0.15617376 0.15617376 0.15617376 0.31234752 0.15617376 0.15617376
  0.15617376 0.15617376 0.15617376 0.15617376 0.15617376 0.15617376
  0.15617376 0.15617376 0.15617376 0.15617376 0.31234752 0.15617376
  0.15617376 0.15617376 0.15617376 0.15617376 0.15617376 0.31234752
  0.15617376 0.15617376 0.15617376 0.15617376 0.15617376 0.15617376
  0.15617376 0.15617376]]
None
[[0.1490712 0.1490712 0.1490712 0.1490712 0.1490712 0.1490712 0.1490712
  0.1490712 0.1490712 0.1490712 0.2981424 0.1490712 0.1490712 0.1490712
  0.1490712 0.1490712 0.2981424 0.1490712 0.1490712 0.1490712 0.1490712
  0.1490712 0.1490712 0.1490712 0.1490712 0.1490712 0.1490712 0.1490712
  0.2981424 0.1490712 0.1490712 0.1490712 0.1490712 0.1490712 0.1490712
  0.1490712]]
None
[[0.16439899 0.16439899 0.16439899 0.16439899 0.16439899 0.16439899
  0.16439899 0.16439899 0.16439899 0.16439899 0.16439899 0.32879797
  0.16439899 0.16439899 0.16439899 0.16439899 0.16439899 0.16439899
  0.16439899 0.16439899 0.16439899 0.16439899 0.16439899 0.16439899
  0.16439899 0.16439899 0.16439899 0.16439899 0.16439899 0.16439899
  0.16439899 0.16439899 0.16439899 0.16439899]]
None
[[0.13736056 0.27472113 0.13736056 0.13736056 0.13736056 0.27472113
  0.13736056 0.13736056 0.13736056 0.13736056 0.13736056 0.13736056
  0.27472113 0.13736056 0.27472113 0.13736056 0.27472113 0.13736056
  0.13736056 0.27472113 0.13736056 0.13736056 0.13736056 0.13736056
  0.13736056 0.13736056 0.27472113 0.13736056 0.27472113]]
None
[[0.13483997 0.40451992 0.13483997 0.13483997 0.26967994 0.13483997
  0.13483997 0.13483997 0.13483997 0.13483997 0.26967994 0.13483997
  0.13483997 0.13483997 0.13483997 0.13483997 0.40451992 0.13483997
  0.13483997 0.26967994 0.13483997 0.13483997 0.13483997 0.13483997
  0.13483997 0.13483997 0.13483997 0.13483997 0.13483997 0.13483997]]
None
[[0.15075567 0.15075567 0.30151134 0.15075567 0.15075567 0.15075567
  0.30151134 0.30151134 0.15075567 0.15075567 0.15075567 0.15075567
  0.15075567 0.30151134 0.15075567 0.15075567 0.15075567 0.15075567
  0.15075567 0.15075567 0.15075567 0.15075567 0.15075567 0.15075567
  0.15075567 0.15075567 0.15075567 0.15075567 0.15075567 0.15075567
  0.15075567 0.15075567]]
None
[[0.13363062 0.13363062 0.13363062 0.26726124 0.13363062 0.13363062
  0.13363062 0.13363062 0.13363062 0.13363062 0.26726124 0.13363062
  0.13363062 0.13363062 0.13363062 0.40089186 0.13363062 0.13363062
  0.13363062 0.13363062 0.13363062 0.13363062 0.26726124 0.13363062
  0.13363062 0.26726124 0.13363062 0.26726124 0.13363062 0.13363062
  0.13363062 0.13363062 0.13363062]]
None
[[0.32879797 0.16439899 0.16439899 0.16439899 0.16439899 0.16439899
  0.16439899 0.16439899 0.16439899 0.16439899 0.16439899 0.16439899
  0.16439899 0.16439899 0.16439899 0.16439899 0.16439899 0.16439899
  0.16439899 0.16439899 0.16439899 0.32879797 0.16439899 0.16439899
  0.16439899 0.16439899 0.16439899 0.16439899 0.16439899 0.16439899
  0.16439899]]
None
[[0.15430335 0.3086067  0.15430335 0.15430335 0.15430335 0.15430335
  0.15430335 0.15430335 0.15430335 0.15430335 0.15430335 0.15430335
  0.15430335 0.15430335 0.15430335 0.15430335 0.3086067  0.15430335
  0.15430335 0.15430335 0.15430335 0.15430335 0.15430335 0.15430335
  0.3086067  0.15430335 0.15430335 0.15430335 0.15430335 0.15430335
  0.15430335 0.15430335 0.15430335]]
None
[[0.15617376 0.15617376 0.31234752 0.15617376 0.15617376 0.15617376
  0.15617376 0.15617376 0.15617376 0.15617376 0.15617376 0.15617376
  0.15617376 0.15617376 0.15617376 0.15617376 0.31234752 0.15617376
  0.15617376 0.15617376 0.15617376 0.31234752 0.15617376 0.15617376
  0.15617376 0.15617376 0.15617376 0.15617376 0.15617376 0.15617376
  0.15617376 0.15617376]]
None
