[[0.28867513 0.14433757 0.4330127  0.14433757 0.14433757 0.14433757
  0.14433757 0.14433757 0.14433757 0.14433757 0.14433757 0.14433757
  0.14433757 0.14433757 0.28867513 0.14433757 0.14433757 0.14433757
  0.14433757 0.14433757 0.28867513 0.14433757 0.14433757 0.14433757
  0.14433757 0.14433757 0.14433757 0.14433757 0.14433757 0.14433757
  0.14433757]]
None
[[0.16012815 0.16012815 0.16012815 0.16012815 0.16012815 0.16012815
  0.16012815 0.16012815 0.16012815 0.16012815 0.16012815 0.16012815
  0.16012815 0.16012815 0.16012815 0.16012815 0.16012815 0.16012815
  0.16012815 0.16012815 0.16012815 0.16012815 0.32025631 0.16012815
  0.32025631 0.16012815 0.16012815 0.16012815 0.16012815 0.16012815
  0.16012815 0.16012815 0.16012815]]
None
[[0.11867817 0.23735633 0.11867817 0.23735633 0.11867817 0.11867817
  0.11867817 0.11867817 0.11867817 0.23735633 0.11867817 0.11867817
  0.11867817 0.23735633 0.11867817 0.11867817 0.11867817 0.11867817
  0.11867817 0.23735633 0.11867817 0.11867817 0.11867817 0.11867817
  0.47471266 0.11867817 0.23735633 0.11867817 0.23735633 0.11867817
  0.11867817 0.11867817 0.11867817 0.11867817 0.11867817]]
None
[[0.12803688 0.12803688 0.12803688 0.12803688 0.12803688 0.12803688
  0.12803688 0.12803688 0.12803688 0.12803688 0.12803688 0.25607376
  0.12803688 0.12803688 0.25607376 0.12803688 0.12803688 0.25607376
  0.12803688 0.25607376 0.38411064 0.12803688 0.12803688 0.12803688
  0.12803688 0.12803688 0.12803688 0.38411064 0.12803688 0.12803688
  0.12803688 0.12803688 0.12803688]]
None
[[0.25197632 0.12598816 0.12598816 0.12598816 0.12598816 0.12598816
  0.12598816 0.12598816 0.12598816 0.25197632 0.25197632 0.12598816
  0.12598816 0.12598816 0.12598816 0.25197632 0.12598816 0.12598816
  0.12598816 0.37796447 0.12598816 0.12598816 0.12598816 0.25197632
  0.12598816 0.25197632 0.12598816 0.12598816 0.25197632 0.12598816
  0.25197632]]
None
[[0.16439899 0.16439899 0.16439899 0.16439899 0.16439899 0.16439899
  0.16439899 0.16439899 0.16439899 0.16439899 0.16439899 0.16439899
  0.16439899 0.16439899 0.16439899 0.16439899 0.16439899 0.16439899
  0.16439899 0.16439899 0.16439899 0.16439899 0.16439899 0.32879797
  0.16439899 0.16439899 0.16439899 0.16439899 0.16439899 0.16439899
  0.16439899 0.16439899 0.16439899 0.16439899]]
None
[[0.16439899 0.16439899 0.16439899 0.16439899 0.16439899 0.16439899
  0.16439899 0.16439899 0.16439899 0.16439899 0.16439899 0.32879797
  0.16439899 0.16439899 0.16439899 0.16439899 0.16439899 0.16439899
  0.16439899 0.16439899 0.16439899 0.16439899 0.16439899 0.16439899
  0.16439899 0.16439899 0.16439899 0.16439899 0.16439899 0.16439899
  0.16439899 0.16439899 0.16439899 0.16439899]]
None
[[0.16222142 0.16222142 0.16222142 0.16222142 0.16222142 0.16222142
  0.16222142 0.16222142 0.16222142 0.16222142 0.32444284 0.16222142
  0.16222142 0.32444284 0.16222142 0.16222142 0.16222142 0.16222142
  0.16222142 0.16222142 0.16222142 0.16222142 0.16222142 0.16222142
  0.16222142 0.16222142 0.16222142 0.16222142 0.16222142 0.16222142
  0.16222142 0.16222142]]
None
[[0.14142136 0.28284271 0.14142136 0.28284271 0.28284271 0.28284271
  0.14142136 0.14142136 0.14142136 0.14142136 0.14142136 0.14142136
  0.28284271 0.28284271 0.14142136 0.14142136 0.14142136 0.14142136
  0.14142136 0.14142136 0.14142136 0.14142136 0.14142136 0.14142136
  0.14142136 0.14142136 0.14142136 0.14142136 0.14142136 0.14142136
  0.14142136 0.14142136]]
None
[[0.13018891 0.13018891 0.52075564 0.26037782 0.13018891 0.13018891
  0.13018891 0.13018891 0.13018891 0.13018891 0.13018891 0.13018891
  0.26037782 0.26037782 0.13018891 0.13018891 0.13018891 0.13018891
  0.13018891 0.13018891 0.13018891 0.13018891 0.26037782 0.13018891
  0.13018891 0.13018891 0.13018891 0.13018891 0.13018891 0.13018891
  0.13018891 0.13018891]]
None
